-8.090171056886273249e+00 4.381560507965452267e+00
-7.328855251020502060e+00 4.442222286925908925e+00
-6.231645343117748759e+00 3.819977682971325894e+00
-5.302736415741642340e+00 3.744617842030799615e+00
-4.766835559714379222e+00 3.341425808337021408e+00
-4.396160876123701655e+00 3.238030189777456158e+00
-4.910581940322104266e+00 2.939301402157927789e+00
-5.277105347686777748e+00 2.559147219132720252e+00
-5.959194234866417972e+00 2.674035338177210619e+00
-1.092351128391812054e+01 2.543902170468884449e+00
-1.175573072205544811e+01 2.011469963642985359e+00
-1.253121361552953061e+01 1.311992815104770393e+00
-1.262835994960248698e+01 5.345488807468861125e-01
-1.281027273008740153e+01 -1.997240676317355579e-01
-1.277843066769282565e+01 -9.872954133021545342e-01
-1.298269192782887060e+01 -1.659548295492509595e+00
-1.335466350969573135e+01 -1.168780214850583699e+00
-1.347111106705765415e+01 -7.154895607273257241e-01
-1.335875297390861682e+01 -3.633579835251987689e-02
-1.327026523902268274e+01 4.789591545718441257e-01
-1.278517533297244135e+01 1.416395540915931006e+00
-1.138740782831840193e+01 1.797746382923109509e+00
-1.043230983016095159e+01 2.075024165198407822e+00
-9.505777242164430874e+00 1.866122276393203938e+00
-7.128306127948324189e+00 2.458097895768612817e-01
-6.836085392356849866e+00 6.352367740244055927e-01
-6.264438838337673232e+00 1.448880776233620882e-01
-7.479499741659214607e+00 -4.835981384453813536e-01
-7.940974628205858643e+00 -4.415128880044026927e-01
-8.790361586430721630e+00 -1.100717704518459517e+00
-9.352247071006082990e+00 -1.525360432667878241e+00
-9.152771341599413191e+00 -2.631783430191234174e+00
-9.206201312469369569e+00 -3.145723242653861718e+00
-9.104452601188651073e+00 -5.175648159928758929e+00
-9.733668347295493462e+00 -5.222308705163222875e+00
-1.097797767730569518e+01 -4.983669136421007728e+00
-1.182203444035573803e+01 -4.459070049604449970e+00
-1.215537966954926219e+01 -3.496684872330631855e+00
-1.237317817689968003e+01 -3.250455904354894621e+00
-1.205043228329638971e+01 -3.570018449704542185e+00
-1.161826525249964703e+01 -3.861148963556895630e+00
-1.110907172390771436e+01 -3.960218023829006562e+00
-1.067066413204261011e+01 -4.187767629640374523e+00
-1.003502653919706944e+01 -4.478542319679982953e+00
-8.845200856415180724e+00 -3.992502281757341898e+00
-7.832959296814199668e+00 -3.923347432303639692e+00
-7.190959266455950072e+00 -3.782123422952552882e+00
-6.204335356850324779e+00 -3.767206186294349557e+00
-5.673456536238718151e+00 -4.184368530752000659e+00
-4.605043125962207107e+00 -3.995364703529614037e+00
-4.763965001702090696e+00 -4.274553096505520067e+00
-5.298562708018429213e+00 -4.000989866913711168e+00
-6.295261322287504235e+00 -4.087473031765242126e+00
-7.002659572604060578e+00 -4.316964431455264872e+00
-8.031820105389686049e+00 -4.266557079067978542e+00
-8.909181770397781364e+00 -4.283324792449684892e+00
-9.972132493204766135e+00 -4.226808067474214781e+00
-1.036350527911494446e+01 -3.653612669922113643e+00
-1.100517258353621486e+01 -3.291391821061431244e+00
-1.126366634492853436e+01 -2.783616257684990103e+00
-1.155258278899544955e+01 -2.247879953586741753e+00
-1.182830971291171096e+01 -2.103942137182708283e+00
-1.199328420898813619e+01 -1.382761289322362641e+00
-1.200175656926804280e+01 -7.140550294242116180e-01
-1.207029296987466083e+01 -3.251182428738785823e-02
-1.184154754587962266e+01 6.485240875785966974e-01
-1.187844325382465271e+01 1.142578595921703188e+00
-1.183777889549402218e+01 7.269191025663939154e-01
-1.129430175845919848e+01 6.075259733621576341e-01
-1.142967018032289772e+01 9.589243869874142234e-04
-1.108928248076206380e+01 -3.300455987912598310e-01
-1.126833723063283799e+01 -1.112719226318060972e+00
-1.095287612587672221e+01 -1.603957326611781919e+00
-1.067941651282854920e+01 -2.229224027653166296e+00
-1.032654473556026176e+01 -2.584465734081555333e+00
-9.784612839063717260e+00 -3.308887018626931464e+00
-9.565122482706978957e+00 -4.026065875938819261e+00
-8.855966145247151644e+00 -4.757101665734632334e+00
-8.044507640808292948e+00 -5.110129236127765928e+00
-7.431833910923577591e+00 -5.204577038289773583e+00
-7.063828481416934757e+00 -5.638798596471346514e+00
-7.754697515982147848e+00 -5.642677427920927080e+00
-8.686854044942327491e+00 -2.428567946675383116e+00
-8.638249924170995797e+00 -1.606894335145524044e+00
-9.251601297393415635e+00 -6.048598974170746878e-01
-8.575190552412585987e+00 -3.237857922450856352e-01
-8.428922966012953211e+00 4.284448856159785990e-01
-9.157481696292148143e+00 1.777747733059520385e-02
-9.812471426451638834e+00 1.116161923993341798e-01
-9.163459851720002547e+00 1.009101590372651014e+00
-8.917372060615862850e+00 1.383398343552644238e+00
-9.916831276941389106e+00 7.916882154483393386e-01
-1.007353819194414157e+01 1.182553139743373061e+00
-8.980500450633593701e+00 2.512661201545333789e+00
-8.491545218542583484e+00 2.871641247861696833e+00
-7.700421647879231557e+00 3.238539428799656505e+00
-6.862881611472673171e+00 3.628411637523087485e+00
-6.172281420823475528e+00 4.556920906432243790e+00
-5.113576655500398083e+00 4.830953341093184861e+00
-5.855652330618782209e+00 5.187087605915188249e+00
-6.558212392367382293e+00 4.792250160104055468e+00
-7.088627609230739424e+00 2.994245651726604507e+00
-7.618632400863492471e+00 2.472041428180134837e+00
-7.802321821994808282e+00 1.793858751268510909e+00
-7.991077602525137102e+00 1.477147954824506337e+00
-7.422354870006637739e+00 1.364970211534093814e+00
-6.864114324365353959e+00 1.041350166745309558e+00
-6.236013748965778980e+00 1.116733259126823974e+00
-4.627398073940481638e+00 -2.810719264231398284e-02
-1.789483329749101514e+00 1.680809814915769751e+00
1.751117336691586646e-01 2.564417948274404946e+00
1.717756852993840289e-02 2.050353793913218148e+00
4.441217552532870094e-01 1.711422282184069887e+00
6.611393917564896139e-01 9.669124494195771025e-01
1.099317707480661044e+00 3.966243510016994600e-01
1.344729349621646586e+00 8.688606941044847431e-01
1.290276885416631547e+00 1.227242286621704759e+00
1.023342565607546106e+00 1.791369947614751990e+00
8.036905084227426999e-01 1.940293788748056247e+00
-1.442152445396250871e+00 1.087766989590925215e+00
-2.892681856605944457e+00 -4.065861511238921810e-02
-4.045904369595893613e+00 -4.766289839695392327e-02
-4.516840834491229195e+00 5.852538795933075466e-01
-4.963741014346616964e+00 7.966719124176909750e-01
-5.178361342236038389e+00 1.607269424600785257e+00
-5.407417374192516668e+00 1.154774669005256493e+00
-4.248318344403372748e+00 1.177877825032923376e+00
-3.850045996740603993e+00 1.585868500081661248e+00
-2.835416542604010548e+00 8.692168298600376763e-01
-2.283566740569156206e+00 -4.148964389852094481e-02
-2.227226996680248039e+00 -1.215723989079923628e+00
-2.131185356694656363e+00 -1.599913276782366278e+00
-2.326267609117280699e+00 -2.182351060604335480e+00
-1.730629276716988185e+00 -2.451138936061339368e+00
-6.914366906307349847e-01 -1.929519715542650671e+00
5.038323091440590762e-01 -1.749517356572951376e+00
7.986332056737324159e-01 -1.243961979864766532e+00
1.144494829380393375e+00 -1.175564174527271355e+00
1.124318122480822746e+00 -1.737819243847904316e+00
8.599617499423823919e-01 -2.328211307406339081e+00
3.460362650894185377e-01 -2.583028942607856315e+00
7.052332172908137853e-02 -3.161102605049634029e+00
-5.117210389691139172e-01 -3.634204860842977780e+00
-1.092661164460336121e+00 -3.958713163056772455e+00
-2.060515009760848226e+00 -4.406307001550262115e+00
-2.898006701093042814e+00 -4.558812679587315841e+00
-4.081628621702625637e+00 -4.944442256262925106e+00
-5.134260108250906285e+00 -5.117414692315319868e+00
-6.101724124060344145e+00 -4.998044201081349946e+00
-5.983173443685462445e+00 -4.818590375557445959e+00
-5.081680358152119936e+00 -4.959059828340683040e+00
-3.988507344043872749e+00 -4.724631770770130856e+00
-3.208475669660803664e+00 -4.250235894377374812e+00
-2.105401960705151065e+00 -4.045370073104777475e+00
-1.501682688826841749e+00 -3.462349097874957593e+00
-7.268334373266449600e-01 -3.010207715680766061e+00
-3.997210792126450474e-01 -2.556327748948078682e+00
-4.526966690052602882e-02 -1.698303580211312225e+00
-1.485660463534849152e-03 -9.969443829913164912e-01
1.120235216939751144e-01 -3.811130828695797335e-01
2.825806942185453696e-01 -1.637424436716192200e-01
1.623406940915030905e-01 5.902033547660806567e-01
-1.573094535461306287e-01 1.312191135705269573e+00
-3.422755452367191586e-01 2.163608291346046819e+00
-6.479733609444449094e-01 2.609361681752999651e+00
-5.043604161602802671e-01 3.183152773027777549e+00
-4.107605709711968922e-01 3.245953362499434558e+00
-1.066748200990927931e+00 3.255666165772314269e+00
-9.652020559957346091e-01 2.659063782301603229e+00
-1.049396841083485299e+00 2.052758862732621203e+00
-5.043777961309416913e-01 7.639620386558735321e-01
-5.931204385153913128e-01 1.433724891920925004e-01
-6.583237373547091709e-01 -5.478980982611056927e-01
-9.678567094086377720e-01 -9.727634389159073303e-01
-1.223674044319368548e+00 -1.885918385821255816e+00
-1.350974759891709898e+00 -2.383599284520227624e+00
-1.971043044611826556e+00 -2.946238465016265629e+00
-2.716306407571971171e+00 -3.145955174737972371e+00
-3.234272957084938671e+00 -2.921438871087410405e+00
-3.850404991610751004e+00 -2.777827236864160554e+00
-3.489068958754552696e+00 -1.838116396735895108e+00
-2.976214427802008178e+00 -1.110094942934573226e+00
-3.297073760019840982e+00 -4.041259032160705589e-01
-3.147281153002078558e+00 5.478796874022026087e-01
-3.457747842967964669e+00 1.216881591432978915e+00
-3.768255633673930127e+00 2.225456741417374040e+00
-3.024042408213284183e+00 2.098623795125704294e+00
-2.543487843477451271e+00 2.388238380857270915e+00
-3.253686814901154634e+00 2.982927069742780546e+00
-3.474891657600929662e+00 3.448013574342453591e+00
-2.549353025032879305e+00 3.328206355982728404e+00
-2.452328171096175069e+00 3.659814729138612499e+00
-3.595038834441728337e+00 4.185764302509910273e+00
-4.454439050834481328e+00 4.281905563711001506e+00
-5.614684307502006533e+00 4.145165901432680933e+00
-6.710391202308868763e+00 3.894089252379307808e+00
-7.543674818565607509e+00 4.014313536428916862e+00
-8.436851461045161926e+00 3.692876993995332757e+00
-6.0 -1.8
